0 2e-06 2.5e-06
1 2.3e-06 3.2e-06
2 3.2e-06 4.6e-06
3 4.5e-06 6.4e-06
4 5.8e-06 8.2e-06
5 7.3e-06 1.17e-05
6 9.1e-06 1.5e-05
7 1.12e-05 2.89e-05
8 1.39e-05 2.38e-05
9 1.64e-05 3.03e-05
10 5.88e-05 3.9e-05
11 2.28e-05 5.14e-05
12 2.67e-05 6.26e-05
13 3.13e-05 7.48e-05
14 3.59e-05 8.47e-05
15 3.82e-05 9.7e-05
16 4.33e-05 0.0001224
17 5.32e-05 0.0001237
18 5.53e-05 0.0001416
19 6.18e-05 0.0001502
20 6.96e-05 0.0001961
21 8.4e-05 0.0002263
22 9.17e-05 0.0002668
23 9.46e-05 0.0002806
24 0.000113 0.000291
25 0.0001141 0.0003571
26 0.0001239 0.0003542
27 0.0001354 0.0003967
28 0.0001474 0.0004354
29 0.0001616 0.0004721
30 0.0002047 0.0005749
31 0.0001877 0.0006087
32 0.000202 0.0006182
33 0.0002188 0.0007226
34 0.000251 0.0007199
35 0.0002523 0.0008303
36 0.0004592 0.0008028
37 0.000311 0.0009952
38 0.0003079 0.00103
39 0.0003407 0.0011147
40 0.000367 0.0011434
41 0.0003946 0.0012708
42 0.0004161 0.0013642
43 0.0004177 0.0014067
44 0.0004775 0.0014928
45 0.0004683 0.0016029
46 0.0005375 0.0016042
47 0.0006065 0.0016631
48 0.0005764 0.0018139
49 0.0005829 0.0018405
50 0.0006475 0.0023899
51 0.0007239 0.0022604
52 0.0006873 0.0023562
53 0.0007616 0.002394
54 0.0007602 0.0026412
55 0.0008685 0.0026755
56 0.000866 0.0029867
57 0.0009221 0.0021534
58 0.0009723 0.0022578
59 0.0010198 0.0020891
60 0.0010156 0.0025181
61 0.0011287 0.0025618
62 0.0011129 0.00251
63 0.0012074 0.0028553
64 0.0012617 0.0045219
65 0.0012888 0.0043054
66 0.0013519 0.0052351
67 0.0017286 0.0051238
68 0.0014038 0.0050692
69 0.0014617 0.0038325
70 0.0015071 0.0035012
71 0.0017978 0.0057296
72 0.0017447 0.0053692
73 0.001701 0.0059236
74 0.0018904 0.0042099
75 0.0019434 0.0041555
76 0.0019197 0.0080687
77 0.0022334 0.0073132
78 0.0021549 0.0073636
79 0.0022268 0.0060943
80 0.0023364 0.0086083
81 0.0026119 0.0067206
82 0.0024151 0.0094196
83 0.0025117 0.0081466
84 0.0026965 0.0088636
85 0.0027799 0.0097497
86 0.0026488 0.010277
87 0.0028993 0.0105998
88 0.0029957 0.010779
89 0.0030884 0.0111724
90 0.0032189 0.0115057
91 0.0032856 0.0118316
92 0.0036113 0.0127171
93 0.0037511 0.013116
94 0.0034852 0.0126937
95 0.0037212 0.013037
